<?xml version="1.0"?>
<opencv_storage>
<K type_id="opencv-matrix">
  <rows>3</rows>
  <cols>3</cols>
  <dt>d</dt>
  <data>
    9.3080082112106265e+02 0. 4.8886520119043945e+02 0.
    9.3610755355463766e+02 3.5379567031538636e+02 0. 0. 1.</data></K>
<D type_id="opencv-matrix">
  <rows>1</rows>
  <cols>5</cols>
  <dt>d</dt>
  <data>
    3.9939492120073861e-02 -2.6463281239320252e-01
    4.1859251416762368e-03 5.2576605276843501e-03 2.2527284338632800e-01</data></D>
</opencv_storage>
